m=0.32;
R=0.075;
Jw = 0.0013;
M = 5.41;
W = 0.4;
L = 0.102;
Jpsi = 0.104;
Jphi = 0.0484;
Jm = 0.00119;
RDC = 1;
Kt = 0.025;
Ke = 0.025;
fm = 0.00024;
